       m/z	       S/N	Quality Fac.	      Res.	   Intens.	      Area
     461.2	         3	      1704	      1887	    380974	    105655
     463.2	         2	      73.1	      2287	    326717	     72877
     464.2	         3	       383	      2382	    442009	    104597
     469.1	         3	      34.8	      2841	    361890	     83557
     472.2	         5	       308	      3600	    599891	     97381
     474.3	         4	      67.3	      3524	    453829	     72206
     484.1	         2	      47.3	      2663	    327508	     79678
     487.2	         2	       131	      2891	    282700	     60585
     488.3	         4	       369	      3230	    483340	     88224
     489.3	         2	      58.6	      2044	    289471	     86188
     491.2	         4	       140	      2704	    438426	    114185
     505.2	        40	    137818	      4011	4.341271e6	    806349
     519.2	         9	     19627	      3488	1.018703e6	    225255
     521.2	         3	       215	      2424	    387394	    116075
     523.3	         2	      74.2	      3525	    312632	     52010
     533.2	         5	      6396	      3367	    612692	    138552
     535.2	         4	       458	      3216	    459346	    110590
     537.3	         2	       156	      3529	    311797	     62522
     549.2	         3	       651	      3169	    421540	    102707
     550.6	         3	       202	      2752	    364894	     99983
     551.0	         2	       388	      3861	    282275	     49369
     551.3	         2	       296	      3756	    313447	     59977
     553.3	         3	       280	      3610	    339597	     69430
     558.2	         3	       234	      3518	    399297	     90721
     563.3	         2	       172	      3540	    307849	     63345
     565.3	         4	       850	      3409	    529309	    127580
     568.3	         3	       653	      4663	    363839	     55612
     582.3	         3	       766	      3873	    387274	     79663
     589.3	         2	       112	      2805	    283326	     72298
     595.3	         4	      3414	      4984	    444814	     69090
     603.3	         2	       186	      2481	    297214	     94801
     603.9	         3	       111	      3745	    388865	     74754
     605.3	         2	       124	      2382	    292064	     92639
     609.3	         2	       225	      4112	    293040	     49117
     617.9	         2	      97.5	      2306	    306991	     92113
     619.3	         4	       335	      2266	    429107	    162858
     621.3	         3	       302	      3741	    397436	     95278
     624.0	         3	       111	      4779	    341657	     52216
     637.3	         2	       162	      3570	    278919	     63714
     649.3	         3	       156	      2868	    327323	    100415
     651.3	         4	      1844	      4565	    464374	     98083
     663.5	         5	       265	      3624	    559815	    138582
     665.3	        72	     87603	      5567	7.107077e6	1.350916e6
     679.3	        10	      2576	      5486	1.084088e6	    217111
     685.4	        43	     35022	      5849	4.256007e6	    777953
     693.3	         4	      4757	      4768	    505243	    112113
     695.3	         7	      6863	      5304	    769294	    161640
     701.4	         8	       614	      6203	    847232	    137475
     709.3	         3	       415	      4210	    324271	     78321
     735.3	         3	       309	      4056	    393073	    109562
     749.3	         3	       262	      4122	    394515	    111202
     769.3	         3	       749	      6030	    333387	     62443
     771.3	         3	       449	      5502	    329355	     69201
     781.4	        33	     49520	      6493	3.005747e6	    617905
     787.3	         3	       170	      3956	    312234	     91068
     795.4	         8	     17294	      5741	    761811	    178628
     797.3	         3	       306	      3553	    320567	    105439
     809.4	         5	       333	      4828	    528567	    148718
     825.4	         6	      3318	      5630	    561106	    137803
     895.4	        12	     11506	      6741	1.043602e6	    255290
     909.4	         8	      4498	      6268	    734548	    194818
     925.4	         6	      3137	      6238	    551176	    144910
     927.4	         5	       783	      6126	    458451	    121728
     941.4	       104	    175208	      7273	7.875111e6	1.900610e6
     949.4	         3	       872	      6516	    307592	     64585
     955.4	        18	     23307	      7699	1.408622e6	    328681
     957.4	         5	      3032	      6259	    472295	    119842
     969.4	         8	      4102	      6470	    672332	    187158
     971.4	        11	     13658	      7632	    917597	    219256
     985.5	        15	     14153	      8614	1.188352e6	    256269
    1005.2	         3	       205	      8464	    282745	     42295
    1055.5	         7	      3169	      8048	    529342	    129884
    1085.5	         6	      3305	      7118	    447832	    120602
    1087.5	         4	      2245	      6863	    355805	     93477
    1101.5	        82	     80474	      9072	5.229946e6	1.301278e6
    1115.5	         2	       335	      8194	    227897	     42204
    1117.5	         3	      1392	      8959	    296326	     57759
    1129.5	         3	       719	      8479	    308441	     65915
    1131.5	         8	      7460	      9024	    575542	    140665
    1145.5	         7	      5537	      9303	    531384	    125014
    1171.5	         5	      1637	      9768	    377901	     81475
    1173.5	         2	       216	     11201	    217489	     29810
    1185.5	         5	      1544	      9999	    407193	     89013
    1191.6	         3	      1618	      8127	    261695	     56975
    1201.5	         3	       816	      9604	    248591	     44991
    1217.6	        37	     45254	     10708	2.096063e6	    513114
    1225.5	         2	       412	     11418	    228032	     34051
    1231.6	         9	      5733	      9731	    574869	    148621
    1233.5	         3	       745	      8653	    244331	     50627
    1245.6	         6	      3534	      8380	    432871	    121645
    1247.6	         5	      3159	      9485	    367399	     89238
    1261.6	        33	     40123	     11979	1.794062e6	    407888
    1275.6	        19	     15058	     12195	1.067030e6	    237654
    1289.6	         7	      2269	     11168	    427189	     97618
    1291.6	         6	      3454	     10362	    377389	     88601
    1305.6	         3	       801	     10322	    234597	     43143
    1331.6	        12	     15661	     11564	    651842	    158514
    1345.6	        10	      8181	     11795	    560142	    132129
    1359.6	         2	       112	     13188	    204689	     28272
    1361.6	         6	      2656	     11216	    399274	     95574
    1363.6	         4	      1353	     12233	    284269	     53711
    1374.6	         3	      5.28	     40831	    228262	     10445
    1374.9	         2	      36.9	      2957	    206950	    136702
    1377.6	        88	     69523	     10822	4.048570e6	1.223223e6
    1385.6	         5	       600	     13657	    349837	     58127
    1391.6	        15	     16551	     11351	    751024	    205297
    1393.6	         4	      1141	     11611	    274770	     55778
    1405.6	         8	      2947	     10500	    448894	    128011
    1407.6	         9	      9651	     11863	    503307	    124298
    1419.6	         2	       125	     14477	    198638	     25826
    1421.6	         5	      2805	     11454	    333330	     77268
    1491.7	         5	      6877	     13900	    289205	     51043
    1521.7	         4	      1224	     13633	    266429	     45021
    1523.7	         2	       863	     10067	    200557	     40923
    1537.7	        49	     55645	     11967	1.913421e6	    623834
    1551.7	         2	       412	     14463	    192375	     23137
    1553.7	         2	       720	     11751	    189537	     32145
    1565.7	         3	       360	     15729	    230334	     31290
    1567.7	         5	     10181	     14087	    301221	     57231
    1581.7	         9	      6115	     14728	    424991	     89656
    1607.7	         4	       624	     13501	    233504	     39506
    1621.7	         4	       701	     14821	    255279	     43131
    1637.7	         3	       300	     14089	    199813	     28643
    1653.8	        22	     49686	     13509	    822639	    254069
    1661.7	         2	       411	     14072	    188724	     25722
    1667.8	         6	       755	     14771	    289219	     56250
    1682.8	         4	       454	     15191	    227796	     36633
    1697.8	         4	      1512	     15384	    221875	     34755
    1741.8	         4	      4017	     17249	    223318	     33044
    1767.1	         2	       376	      6732	    171409	     52591
    1767.8	         7	     18860	     14564	    314519	     76937
    1781.1	         2	       373	      6818	    170493	     51874
    1781.8	         7	      7191	     14972	    301468	     67667
    1797.8	         5	      1455	     15407	    240133	     45117
    1799.8	         2	       562	     15405	    167531	     23358
    1810.8	         2	      25.7	     16413	    177548	     22176
    1813.8	        48	     71862	     13355	1.378955e6	    543633
    1821.8	         4	      1453	     16581	    221923	     37288
    1827.8	        10	     12035	     14414	    373367	    107787
    1840.8	         4	      45.3	     34141	    214439	     18542
    1842.8	         8	      4664	     14960	    318648	     83027
    1854.8	         2	      40.7	     18858	    164707	     16640
    1857.9	        20	     47723	     15311	    617327	    195020
    1871.9	        12	     15706	     15711	    409847	    111943
    1872.2	         2	       521	      6679	    170283	     59780
    1885.9	         5	       939	     16186	    226083	     42383
    1887.8	         3	      1470	     13784	    177822	     33908
    1901.9	         3	       619	     14413	    171089	     25796
    1927.9	         3	       472	     14691	    177175	     28519
    1957.9	         3	       288	     14763	    179299	     29955
    1973.9	        23	     71416	     14563	    622282	    231611
    2003.9	         3	      1212	     15564	    172372	     26407
    2017.9	         2	       558	     14104	    154470	     21247
    2043.9	         3	       439	     14669	    162255	     24881
    2057.9	         3	       872	     15972	    167305	     25234
    2073.9	         2	       356	     13968	    146807	     19549
    2090.0	        13	     66452	     15436	    352679	    113148
    2104.0	         3	       556	     16107	    169691	     27133
    2119.0	         3	       661	     15924	    160873	     24001
    2134.0	         2	       900	     14696	    147470	     20017
    2178.0	         3	      1986	     17469	    161950	     23473
    2203.4	         2	       656	      7894	    139920	     35176
    2204.0	         4	      1556	     15435	    177867	     34158
    2218.0	         4	      1643	     16248	    175986	     31996
    2218.4	         2	       861	      8109	    138206	     33942
    2234.0	         3	       600	     15928	    160548	     26000
    2250.0	        28	     83437	     14914	    560701	    234351
    2258.0	         3	       796	     16280	    150737	     21381
    2264.0	         6	     11765	     15322	    198585	     49937
    2264.5	         2	       520	      8632	    138955	     32304
    2278.5	         2	       539	      8804	    139885	     33894
    2279.0	         5	      6963	     14574	    185940	     48563
    2294.0	         3	       938	     15698	    144814	     20368
    2338.1	         2	       887	     14970	    135460	     18138
    2364.0	         2	       368	     14046	    129163	     16744
    2394.1	         2	       398	     14504	    129475	     16751
    2409.5	         3	       456	      8840	    136692	     35717
    2410.1	        12	     45305	     14644	    259431	     95543
    2439.1	         3	      1201	     15438	    134062	     19271
    2453.6	         3	       605	      8460	    132469	     34727
    2454.1	        11	     43900	     16043	    237469	     73193
    2466.6	         2	       235	      8904	    126562	     27919
    2468.1	         7	     23454	     16168	    184107	     47009
    2482.1	         4	      1905	     14095	    146720	     33696
    2482.6	         2	       224	      9833	    124750	     25791
    2494.1	         2	       833	     15962	    124772	     14426
    2498.1	         2	       940	     15978	    123897	     13951
    2510.1	         2	       289	     14792	    121501	     14481
    2526.1	         8	     26564	     14929	    186081	     56957
    2540.2	         3	       670	     15792	    128070	     17320
    2554.1	         2	       365	     14786	    123214	     18710
    2640.2	         3	      1442	     14306	    120747	     20440
    2654.2	         3	      1022	     15634	    122460	     17271
    2670.2	         2	       660	     13760	    116594	     18672
    2686.2	        17	     49975	     14034	    254834	    115763
    2694.2	         2	       198	     15254	    112334	     14420
    2699.7	         2	       479	     10026	    114335	     21190
    2700.2	         3	      1928	     14162	    125610	     25657
    2714.7	         2	       614	     10429	    114553	     20864
    2715.2	         3	      2344	     14288	    122366	     23112
    2729.2	         2	       237	     14347	    111421	     15012
    2774.3	         2	       234	     13582	    107139	     14709
    2845.8	         2	       701	     10891	    106887	     18852
    2846.3	         6	      3645	     12569	    135253	     45714
    2962.3	         4	       788	     11263	    114473	     33218
    3050.4	         6	      1440	     12486	    118173	     37821
    3064.4	         4	       593	     13193	    105743	     23391
    3078.4	         3	       188	     12223	     99848	     18615
    3122.4	        10	      2952	     11389	    138077	     66502
    3558.6	         4	      1743	      6400	     86029	     38034